{
    "full_unitary.real": [
        [
            0.14692177548015894,
            0.2137798862883846,
            -0.07099061285125702,
            -0.0896224918400656,
            0.05954732121802406,
            -0.13286953569178153,
            -0.06280781873708588,
            -0.07975956414879576,
            -0.05146915546271105,
            0.257532203301534,
            -0.05662024611142982,
            0.40643821359012616,
            0.10572868073645625,
            0.020287301419149854,
            -0.09689146644602618,
            0.46581480518979895
        ],
        [
            -0.2060826172957211,
            -0.06061907479494099,
            -0.14908324705885598,
            0.014900389646140896,
            -0.22879674214021878,
            -0.10594876452400258,
            -0.09703062932686699,
            0.01681381224603,
            -0.19601180217352737,
            0.01539400922518001,
            -0.1698995659806767,
            0.14143920302414445,
            -0.10419535361491206,
            0.09953793502914962,
            -0.07692744287146301,
            0.27888107507143495
        ],
        [
            -0.12044678267361875,
            0.08804393560154096,
            -0.19363246038685886,
            0.19235772479886004,
            -0.18955444959706794,
            0.3035869029092684,
            0.021157715945101956,
            0.38770480359194903,
            0.012461972344771874,
            0.035906911375730426,
            0.2340383586623285,
            0.08043275275606755,
            0.30858517026043664,
            -0.00015518755335859613,
            0.0789679493581334,
            -0.15938681797530424
        ],
        [
            -0.05941935746944949,
            0.02926251449712438,
            -0.07476429841601961,
            0.05627554992993375,
            0.3012014300339227,
            0.24435786024216555,
            0.2442524948567013,
            0.08630292667237138,
            -0.03607255507581729,
            0.02793947356406768,
            0.006064383374337401,
            0.11471392921760878,
            -0.3307074997894868,
            -0.08869217197304724,
            -0.20894993653023675,
            -0.10810231789946001
        ],
        [
            0.01830929538829268,
            -0.03980308780068598,
            -0.23193942858909647,
            0.3471147998560754,
            -0.13550575290222652,
            -0.0288665145224951,
            0.14616971365353829,
            -0.33102281215826646,
            -0.051467872456378835,
            0.5145739548048897,
            -0.13885961686047502,
            -0.022052884038614943,
            0.07350394833653835,
            -0.07007575545176652,
            0.18099816478861966,
            -0.047409775705873194
        ],
        [
            -0.11475011327148323,
            -0.2344220413709794,
            0.27275881972175914,
            0.09254430185802055,
            0.0778829151714321,
            -0.04869225353260621,
            -0.25337066057647767,
            -0.24160139562829167,
            -0.07921934894048255,
            0.32376112878668384,
            0.192404731023523,
            -0.026848834831233594,
            0.08187791120881485,
            -0.2629428496890502,
            -0.1927139179373215,
            -0.03877748431697216
        ],
        [
            0.0038513832167053046,
            0.22248813575637735,
            -0.1250409723536246,
            -0.038379910060512425,
            0.1428347702123211,
            -0.15869990007609736,
            -0.12996939361951534,
            -0.04439898743096303,
            -0.05078219311545408,
            0.051090227452647186,
            0.32671425176212354,
            -0.31924895356430283,
            -0.16444511889341235,
            -0.17058438706265858,
            0.08154275707640228,
            0.1275916397064767
        ],
        [
            -0.13264852616227366,
            0.14807365566610392,
            0.07084519097684162,
            0.11410005401864569,
            -0.0007220389209258125,
            -0.08803221217207732,
            0.06303994939418037,
            -0.018885254888951174,
            0.07391511970716276,
            -0.08520739694093554,
            -0.18981096563056682,
            -0.25640877697632775,
            0.09699293400695408,
            0.0240913657790445,
            -0.008736061721881438,
            0.05137175123002227
        ],
        [
            -0.10572246134034884,
            0.14075953477587003,
            0.16121634545551472,
            0.06588636155756403,
            0.056774958876724686,
            -0.21118362683373115,
            -0.0506143325877014,
            0.09611058758901696,
            0.0435639340159336,
            0.25843628620501485,
            0.15111146710196774,
            -0.2518993389123768,
            0.01042792123654704,
            0.11987651122746994,
            0.07808624944122926,
            -0.2898095051388698
        ],
        [
            -0.1261775443644635,
            0.06653880358099949,
            0.028062618704726504,
            0.08553043949756241,
            -0.22869338320584667,
            -0.17304861859813764,
            0.09286039888906726,
            -0.06707387822227703,
            -0.2150663483799149,
            -0.0253793656377008,
            0.03390145670848153,
            0.05513442632617178,
            -0.21496699649976372,
            0.023295559220495143,
            0.07994735030270529,
            -0.1108161387585837
        ],
        [
            -0.10354933636301636,
            0.11074754034027688,
            0.08163866324603761,
            -0.3277927290635522,
            -0.15330146362968525,
            0.2958875113599868,
            0.06258550007211715,
            -0.09025437405034309,
            -0.006016093882081856,
            -0.011329408522190377,
            -0.02969509904857861,
            -0.08373529168969833,
            0.13539845711957557,
            -0.14274564305519638,
            -0.23825250346302063,
            0.17252988662853522
        ],
        [
            -0.1484670289103197,
            0.18919548249050733,
            -0.12016805696028376,
            0.028265917419410345,
            0.23050561194821334,
            0.26690001558381743,
            -0.27460766918492246,
            -0.10981803700660457,
            0.07453960571993123,
            0.02657289947046133,
            -0.04372780449748174,
            0.035070474621338034,
            -0.3053676146011559,
            -0.1753424418405854,
            0.15850824887414064,
            0.0477953916204765
        ],
        [
            -0.0769135527640338,
            -0.030714494903044877,
            0.3477344811165824,
            -0.20223836721903649,
            -0.3236591250651176,
            -0.06117411712093849,
            -0.20811034104873996,
            0.22437984837707586,
            0.0899015272296381,
            0.09116965604700389,
            0.18009868011872204,
            -0.014634020068660141,
            -0.05139028132544385,
            -0.3135546710552025,
            -0.1423029940541114,
            0.11405974153026138
        ],
        [
            -0.11010603288089127,
            -0.05582888350231968,
            -0.007546041471826631,
            -0.12426319640324916,
            -0.07773952085516914,
            0.03555111679066736,
            0.18886845469815308,
            0.07279089929964266,
            -0.06082859940159775,
            0.35147872197591934,
            -0.10619998652224909,
            -0.058154857971891405,
            0.23363171347444683,
            -0.28320343682248755,
            0.20922116194453363,
            -0.00319824515668859
        ],
        [
            -0.05758342234841134,
            0.09185678253955071,
            0.11648789176426501,
            -0.059335873796170904,
            0.15965892629542106,
            -0.1699268382144239,
            0.099685903789826,
            0.34864001388175114,
            -0.044333912375422446,
            0.2630427214209243,
            -0.21268108251225448,
            0.2871208839946372,
            -0.18413300060549778,
            -0.15269810422307495,
            -0.14325624239196538,
            -0.20961531321676735
        ],
        [
            -0.07661660424093907,
            -0.07909332687820414,
            -0.3039890794585506,
            -0.17384578061344946,
            -0.12433370055995502,
            -0.15680088178817495,
            -0.12977005062681357,
            0.25249293817708124,
            -0.005669796765039654,
            0.04249474351633538,
            0.10383384765314813,
            0.22054224285473714,
            0.06436023057811985,
            0.07126636946755713,
            0.008738298301773466,
            0.012918629235977794
        ]
    ],
    "num_qubits": 4,
    "num_system_qubits": 3,
    "J": [
        -0.2985026666817011,
        -1.4670434813699331,
        0.27684498704666505,
        2.046634447608333,
        -0.4343674635499256,
        1.4928317366434491,
        1.1526893218047494,
        0.8909122153064973,
        -0.2812024719594627,
        -0.8239640355025953,
        0.21988496931297322,
        0.6117886278241286,
        0.8651620565334653,
        0.9203302108071569,
        -2.117664198826186,
        -0.4562143974927072,
        -0.07789475100558986,
        0.0529886106056747,
        1.1293095060336262,
        -0.32242025877454766,
        0.6120815418642588,
        -0.1743827138992251,
        0.0704790799309583,
        1.6638647153665116,
        0.5628074978502663,
        -0.8783005382294228,
        -0.22908957179210612,
        0.8226395843871614,
        0.20686379095102544,
        -0.04685071057654632,
        -1.1890542142598834,
        0.9735918938094774,
        -0.5598958264288549,
        0.419694941957836,
        -0.434561657724658,
        1.2342442195881589,
        0.6596333850116741,
        0.03347333704941655,
        -0.3596384761086078,
        -0.4295317131472631,
        0.8397845290320539,
        -2.5954918569894057,
        0.04057105286184212,
        -0.48507784645634716,
        -0.8941990453899801,
        -0.008524437312570347,
        0.8846765761112259,
        1.0407149051575832,
        0.6044404945091529,
        0.5153482388829702,
        -1.6711096264226408,
        -1.5815952904442578,
        -0.6385359567948476,
        -0.9123970460882488,
        1.024777510567411,
        -0.8548867599958717,
        0.2468932965633592,
        0.5916223059420367,
        -0.01816730052136456,
        1.010845404879577,
        0.8816122155751845,
        -0.3033582817597818,
        0.25558398249613634,
        0.07407620608752948,
        0.0889982321847465,
        1.599128034271504
    ],
    "target_gate.imag": [
        [
            0.0,
            0.0,
            0.0,
            0.0,
            0.0,
            0.0,
            0.0,
            0.0
        ],
        [
            0.0,
            0.24999999999999994,
            0.35355339059327373,
            0.25,
            4.329780281177466e-17,
            -0.24999999999999994,
            -0.35355339059327373,
            -0.25000000000000006
        ],
        [
            0.0,
            0.35355339059327373,
            4.329780281177466e-17,
            -0.35355339059327373,
            -8.659560562354932e-17,
            0.35355339059327373,
            1.2989340843532398e-16,
            -0.35355339059327373
        ],
        [
            0.0,
            0.25,
            -0.35355339059327373,
            0.24999999999999992,
            1.2989340843532398e-16,
            -0.25000000000000033,
            0.35355339059327373,
            -0.25000000000000006
        ],
        [
            0.0,
            4.329780281177466e-17,
            -8.659560562354932e-17,
            1.2989340843532398e-16,
            -1.7319121124709863e-16,
            2.164890140588733e-16,
            -2.5978681687064796e-16,
            3.0308461968242264e-16
        ],
        [
            0.0,
            -0.24999999999999994,
            0.35355339059327373,
            -0.25000000000000033,
            2.164890140588733e-16,
            0.25,
            -0.35355339059327373,
            0.25000000000000044
        ],
        [
            0.0,
            -0.35355339059327373,
            1.2989340843532398e-16,
            0.35355339059327373,
            -2.5978681687064796e-16,
            -0.35355339059327373,
            3.8968022530597194e-16,
            0.35355339059327373
        ],
        [
            0.0,
            -0.25000000000000006,
            -0.35355339059327373,
            -0.25000000000000006,
            3.0308461968242264e-16,
            0.25000000000000044,
            0.35355339059327373,
            0.24999999999999895
        ]
    ],
    "ancillae_state.imag": [
        [
            0.0
        ],
        [
            0.0
        ]
    ],
    "full_unitary.imag": [
        [
            0.21950957067346819,
            -0.11712876005276061,
            0.13710046327694494,
            -0.10437632430506022,
            0.18746675475578178,
            -0.141287423277146,
            0.1600917025143371,
            0.007527793017366127,
            0.1968460264469013,
            -0.13869032196612432,
            0.14999115992747583,
            0.09681132774623859,
            0.20599697819538892,
            -0.14872385009063765,
            0.23981812524174453,
            -0.1688089929633306
        ],
        [
            -0.22665237194288987,
            -0.1159616023032535,
            -0.2165495372681853,
            -0.1275039610395829,
            -0.1302140657254543,
            -0.09517327967584663,
            -0.2821332015084594,
            -0.0757133218556561,
            -0.2805574328747376,
            -0.1613913099251753,
            -0.28018010674264443,
            -0.15491559064775387,
            -0.09395772431397331,
            -0.10780670515221678,
            -0.19279727921867487,
            -0.40243768218738146
        ],
        [
            0.13578172970532473,
            -0.09346913576544358,
            0.14493864538434037,
            -0.3210335100802657,
            0.13258719343350764,
            0.17708148790970907,
            0.08731259319565207,
            -0.24747750517891556,
            -0.12268600331742076,
            -0.03390624529486117,
            -0.25374364917055836,
            -0.036250368468714766,
            -0.05789729536768901,
            -0.19939863996055004,
            0.20085818719761356,
            0.020695191798233377
        ],
        [
            -0.17159543018012344,
            -0.04337180030776376,
            -0.3296420643988958,
            -0.27506228312823555,
            -0.21490628339798076,
            -0.009841659555185817,
            0.2734436198467679,
            -0.30639154044111183,
            0.18707952242744624,
            -0.10052135681275495,
            0.25589418758863447,
            -0.06186187543478632,
            0.10699350390523432,
            -0.10463528265136939,
            -0.11612057811612886,
            -0.024245602219095004
        ],
        [
            0.14032695028232853,
            -0.07360738789185459,
            0.0033551713042433914,
            -0.01347025954224914,
            -0.24365141987453176,
            0.14668990326513892,
            0.019664232461867683,
            0.05789691835748179,
            0.23762573911956664,
            0.24078320110795354,
            0.031556239587844655,
            -0.18286321313133716,
            -0.27084434911101424,
            -0.02057636134202199,
            -0.09134417793228358,
            -0.014417426652395263
        ],
        [
            -0.32433922473298105,
            0.10613953834073844,
            -0.08832352049422365,
            -0.2267428283445472,
            0.14779023864852248,
            -0.08532749357503118,
            0.1868654365570859,
            0.11535028262550345,
            -0.18613872373070317,
            0.07702214615392937,
            -0.14487430758813508,
            -0.197778856957936,
            0.1335278962593142,
            0.04927734174717218,
            0.2678207054727651,
            0.0943219172261868
        ],
        [
            0.2336394234225706,
            -0.23708356839439254,
            0.1294305219769636,
            -0.14126695547038587,
            -0.04490240231300656,
            0.0855406456453541,
            0.22536588296109292,
            -0.09202231350444134,
            -0.3499536241636626,
            0.13525023048474505,
            0.04940064966486113,
            0.06464339003906984,
            0.08604864076402316,
            0.28719408473187014,
            -0.27069459055423617,
            -0.22218982645556895
        ],
        [
            -0.37065512805611617,
            -0.4250974832293077,
            -0.005700670021780016,
            -0.24651575683899865,
            0.17018421307704965,
            0.0829568099639329,
            -0.21786280968347696,
            -0.10685711261683699,
            0.25907921036253023,
            0.13405448979771567,
            0.10849890674183343,
            0.26710571169890285,
            -0.0709539827858052,
            0.27249592699405617,
            0.2722583541624102,
            -0.08895520223167797
        ],
        [
            0.14849401328723244,
            -0.3112616057407734,
            -0.235465618000671,
            0.14591809817623289,
            0.11846478769557976,
            -0.42628734710971755,
            -0.09105292153933162,
            -0.01757920067488012,
            0.18595617644435297,
            -0.14953159074467484,
            -0.15549275973619098,
            0.01039947062186997,
            0.14667070849581526,
            -0.3094746152060833,
            -0.14169784998381346,
            0.030001079563974162
        ],
        [
            -0.1628729290395098,
            -0.21002490277194225,
            0.22256587984270865,
            0.19700509531952637,
            -0.1863078070788291,
            -0.13783648145374533,
            0.2734866113037644,
            -0.026802897923852466,
            -0.30927195080832914,
            -0.2395052955661623,
            0.25938709231045187,
            0.15598097893772062,
            -0.27526151764599566,
            -0.15815300062073326,
            0.30331337895380156,
            0.1845453098325794
        ],
        [
            0.07999589476121663,
            -0.4202910390506642,
            -0.28744304792063996,
            0.18337309026316148,
            0.14095569567772384,
            0.29284302422023506,
            0.07243895934775679,
            0.230619313946357,
            -0.10600329656608065,
            0.04673754360528048,
            0.10611403422406263,
            -0.16591521928465874,
            -0.10171408874384935,
            -0.19092214327885876,
            -0.08827396460923095,
            0.19062639316314112
        ],
        [
            -0.19382040066907244,
            -0.12935353308991662,
            0.2657253767814239,
            0.2712129609258328,
            -0.15645746802577157,
            0.2212120368317972,
            -0.044758060726509785,
            0.0743002665102135,
            0.18582528091748923,
            -0.14350927086310736,
            -0.40099191717136234,
            0.04454128161520633,
            0.1921062497060915,
            -0.10069600612276747,
            0.08490970164330151,
            0.05211831583807575
        ],
        [
            0.11771405408625822,
            0.11553949960996805,
            -0.04246170369638024,
            0.07951021519337649,
            -0.3338842019724733,
            0.03669359280781641,
            0.039074650668252914,
            -0.22443317093771728,
            0.3420318368951163,
            0.03188839183474841,
            -0.059757120253280116,
            0.16218088283439486,
            -0.26190490752056145,
            0.05228381014790599,
            0.05803862738434626,
            -0.15258101606461355
        ],
        [
            -0.2590637074237914,
            0.1914440851867748,
            0.0641343865632809,
            0.2704071926669806,
            0.17142474828019535,
            0.13424581725844104,
            -0.09942578293197724,
            -0.2876822269409466,
            -0.1492297439932695,
            -0.11267273607632584,
            0.22872188367740395,
            0.2335386407501188,
            0.2822895533286916,
            -0.06111142516884011,
            -0.21509843691757358,
            -0.08918422911668675
        ],
        [
            0.225765895834067,
            -0.1501728636627056,
            0.05949113795181499,
            0.04128492824575661,
            -0.05843748782692396,
            0.09846747685632036,
            -0.359710328882238,
            -0.0009911583692202527,
            -0.20362640633322085,
            0.051831182068527375,
            0.01912044858485573,
            -0.21793416242328048,
            0.06324616491103435,
            0.3064692237718385,
            0.16176908617374225,
            0.16558688082194717
        ],
        [
            -0.33305021742053204,
            -0.15712801516753497,
            0.13541917876422566,
            0.10685911155981428,
            0.15262361150656234,
            -0.15283880225602614,
            0.2674176042158841,
            -0.010391768915995248,
            0.26086950114777074,
            0.07189541081758721,
            -0.02667777641793364,
            -0.21911978137796884,
            -0.07170164017516456,
            0.30549901766808857,
            -0.31671040789160787,
            0.2636577463200442
        ]
    ],
    "ancillae_state.real": [
        [
            1.0
        ],
        [
            0.0
        ]
    ],
    "target_gate.real": [
        [
            0.35355339059327373,
            0.35355339059327373,
            0.35355339059327373,
            0.35355339059327373,
            0.35355339059327373,
            0.35355339059327373,
            0.35355339059327373,
            0.35355339059327373
        ],
        [
            0.35355339059327373,
            0.25,
            2.164890140588733e-17,
            -0.24999999999999994,
            -0.35355339059327373,
            -0.25000000000000006,
            -6.494670421766199e-17,
            0.24999999999999992
        ],
        [
            0.35355339059327373,
            2.164890140588733e-17,
            -0.35355339059327373,
            -6.494670421766199e-17,
            0.35355339059327373,
            1.0824450702943665e-16,
            -0.35355339059327373,
            -1.5154230984121132e-16
        ],
        [
            0.35355339059327373,
            -0.24999999999999994,
            -6.494670421766199e-17,
            0.25000000000000006,
            -0.35355339059327373,
            0.24999999999999964,
            1.9484011265298597e-16,
            -0.24999999999999992
        ],
        [
            0.35355339059327373,
            -0.35355339059327373,
            0.35355339059327373,
            -0.35355339059327373,
            0.35355339059327373,
            -0.35355339059327373,
            0.35355339059327373,
            -0.35355339059327373
        ],
        [
            0.35355339059327373,
            -0.25000000000000006,
            1.0824450702943665e-16,
            0.24999999999999964,
            -0.35355339059327373,
            0.24999999999999994,
            -9.5277050456182e-16,
            -0.24999999999999947
        ],
        [
            0.35355339059327373,
            -6.494670421766199e-17,
            -0.35355339059327373,
            1.9484011265298597e-16,
            0.35355339059327373,
            -9.5277050456182e-16,
            -0.35355339059327373,
            -1.7341005394987604e-16
        ],
        [
            0.35355339059327373,
            0.24999999999999992,
            -1.5154230984121132e-16,
            -0.24999999999999992,
            -0.35355339059327373,
            -0.24999999999999947,
            -1.7341005394987604e-16,
            0.250000000000001
        ]
    ],
    "net_topology": null,
    "interactions": [
        [
            0,
            "x"
        ],
        [
            0,
            "y"
        ],
        [
            0,
            "z"
        ],
        [
            1,
            "x"
        ],
        [
            1,
            "y"
        ],
        [
            1,
            "z"
        ],
        [
            2,
            "x"
        ],
        [
            2,
            "y"
        ],
        [
            2,
            "z"
        ],
        [
            3,
            "x"
        ],
        [
            3,
            "y"
        ],
        [
            3,
            "z"
        ],
        [
            [
                0,
                1
            ],
            "xx"
        ],
        [
            [
                0,
                1
            ],
            "xy"
        ],
        [
            [
                0,
                1
            ],
            "xz"
        ],
        [
            [
                0,
                1
            ],
            "yx"
        ],
        [
            [
                0,
                1
            ],
            "yy"
        ],
        [
            [
                0,
                1
            ],
            "yz"
        ],
        [
            [
                0,
                1
            ],
            "zx"
        ],
        [
            [
                0,
                1
            ],
            "zy"
        ],
        [
            [
                0,
                1
            ],
            "zz"
        ],
        [
            [
                0,
                2
            ],
            "xx"
        ],
        [
            [
                0,
                2
            ],
            "xy"
        ],
        [
            [
                0,
                2
            ],
            "xz"
        ],
        [
            [
                0,
                2
            ],
            "yx"
        ],
        [
            [
                0,
                2
            ],
            "yy"
        ],
        [
            [
                0,
                2
            ],
            "yz"
        ],
        [
            [
                0,
                2
            ],
            "zx"
        ],
        [
            [
                0,
                2
            ],
            "zy"
        ],
        [
            [
                0,
                2
            ],
            "zz"
        ],
        [
            [
                0,
                3
            ],
            "xx"
        ],
        [
            [
                0,
                3
            ],
            "xy"
        ],
        [
            [
                0,
                3
            ],
            "xz"
        ],
        [
            [
                0,
                3
            ],
            "yx"
        ],
        [
            [
                0,
                3
            ],
            "yy"
        ],
        [
            [
                0,
                3
            ],
            "yz"
        ],
        [
            [
                0,
                3
            ],
            "zx"
        ],
        [
            [
                0,
                3
            ],
            "zy"
        ],
        [
            [
                0,
                3
            ],
            "zz"
        ],
        [
            [
                1,
                2
            ],
            "xx"
        ],
        [
            [
                1,
                2
            ],
            "xy"
        ],
        [
            [
                1,
                2
            ],
            "xz"
        ],
        [
            [
                1,
                2
            ],
            "yx"
        ],
        [
            [
                1,
                2
            ],
            "yy"
        ],
        [
            [
                1,
                2
            ],
            "yz"
        ],
        [
            [
                1,
                2
            ],
            "zx"
        ],
        [
            [
                1,
                2
            ],
            "zy"
        ],
        [
            [
                1,
                2
            ],
            "zz"
        ],
        [
            [
                1,
                3
            ],
            "xx"
        ],
        [
            [
                1,
                3
            ],
            "xy"
        ],
        [
            [
                1,
                3
            ],
            "xz"
        ],
        [
            [
                1,
                3
            ],
            "yx"
        ],
        [
            [
                1,
                3
            ],
            "yy"
        ],
        [
            [
                1,
                3
            ],
            "yz"
        ],
        [
            [
                1,
                3
            ],
            "zx"
        ],
        [
            [
                1,
                3
            ],
            "zy"
        ],
        [
            [
                1,
                3
            ],
            "zz"
        ],
        [
            [
                2,
                3
            ],
            "xx"
        ],
        [
            [
                2,
                3
            ],
            "xy"
        ],
        [
            [
                2,
                3
            ],
            "xz"
        ],
        [
            [
                2,
                3
            ],
            "yx"
        ],
        [
            [
                2,
                3
            ],
            "yy"
        ],
        [
            [
                2,
                3
            ],
            "yz"
        ],
        [
            [
                2,
                3
            ],
            "zx"
        ],
        [
            [
                2,
                3
            ],
            "zy"
        ],
        [
            [
                2,
                3
            ],
            "zz"
        ]
    ]
}